    49
    1.000000
    0.996097
    0.988356
    0.975756
    0.955330
    0.923185
    0.884704
    0.838829
    0.786170
    0.722604
    0.654484
    0.581345
    0.500280
    0.416746
    0.342634
    0.233344
    0.166796
    0.103873
    0.067018
    0.038430
    0.022280
    0.010298
    0.004219
    0.000300
    0.000064
    0.001399
    0.005649
    0.014471
    0.029905
    0.044154
    0.063495
    0.086699
    0.121711
    0.181675
    0.251616
    0.323280
    0.400132
    0.475710
    0.552225
    0.631039
    0.702531
    0.764984
    0.822684
    0.873672
    0.935436
    0.948584
    0.967294
    0.979387
    0.993728
    1.000000
    -0.002605
    -0.003207
    -0.003547
    -0.003630
    -0.004017
    -0.005104
    -0.006597
    -0.009030
    -0.012511
    -0.016388
    -0.020503
    -0.024854
    -0.029364
    -0.033048
    -0.036010
    -0.038210
    -0.037283
    -0.033738
    -0.029428
    -0.023280
    -0.017733
    -0.011526
    -0.007033
    -0.002144
    -0.001024
    0.004726
    0.011198
    0.019833
    0.029624
    0.037122
    0.044991
    0.052690
    0.061157
    0.070837
    0.077186
    0.079904
    0.079321
    0.075877
    0.070467
    0.061933
    0.052794
    0.042915
    0.033500
    0.025051
    0.014550
    0.012225
    0.008987
    0.006731
    0.003997
    0.002421
    10.0    angle of attack 