    98
    1.000000 
    0.998617 
    0.993728 
    0.989628 
    0.979387 
    0.973380 
    0.967294 
    0.958765 
    0.948584 
    0.940596 
    0.935436 
    0.895041 
    0.873672 
    0.849180 
    0.822684 
    0.793092 
    0.764984 
    0.734554 
    0.702531 
    0.668808 
    0.631039 
    0.594449 
    0.552225 
    0.515387 
    0.475710 
    0.437987 
    0.400132 
    0.358882 
    0.323280 
    0.284693 
    0.251616 
    0.214991 
    0.181675 
    0.148243 
    0.121711 
    0.101363 
    0.086699 
    0.074803 
    0.063495 
    0.053870 
    0.044154 
    0.035554 
    0.029905 
    0.021744 
    0.014471 
    0.009480 
    0.005649 
    0.003326 
    0.001399 
    0.000291 
    0.000064 
    0.000266 
    0.000300 
    0.001795 
    0.004219 
    0.007388 
    0.010298 
    0.014627 
    0.022280 
    0.030405 
    0.038430 
    0.050772 
    0.067018 
    0.080657 
    0.103873 
    0.131247 
    0.166796 
    0.200942 
    0.233344 
    0.269202 
    0.342634 
    0.377854 
    0.416746 
    0.455290 
    0.500280 
    0.543453 
    0.581345 
    0.618769 
    0.654484 
    0.687806 
    0.722604 
    0.753843 
    0.786170 
    0.811910 
    0.838829 
    0.861488 
    0.884704 
    0.905029 
    0.923185 
    0.940540 
    0.955330 
    0.967308 
    0.975756 
    0.982891 
    0.988356 
    0.992079 
    0.996097 
    0.997845 
    1.000000 
    0.002421
    0.002994
    0.003997
    0.004897
    0.006731
    0.007866
    0.008987
    0.010474
    0.012225
    0.013749
    0.014550
    0.021473
    0.025051
    0.029043
    0.033500
    0.038415
    0.042915
    0.047950
    0.052794
    0.057328
    0.061933
    0.066381
    0.070467
    0.073276
    0.075877
    0.077928
    0.079321
    0.079936
    0.079904
    0.078913
    0.077186
    0.074409
    0.070837
    0.065957
    0.061157
    0.056583
    0.052690
    0.048925
    0.044991
    0.041252
    0.037122
    0.032785
    0.029624
    0.024659
    0.019833
    0.015543
    0.011198
    0.007968
    0.004726
    0.002191
    -0.001024
    -0.001845
    -0.002144
    -0.004258
    -0.007033
    -0.009715
    -0.011526
    -0.014065
    -0.017733
    -0.020926
    -0.023280
    -0.026338
    -0.029428
    -0.031321
    -0.033738
    -0.035739
    -0.037283
    -0.038049
    -0.038210
    -0.037848
    -0.036010
    -0.034735
    -0.033048
    -0.031350
    -0.029364
    -0.027051
    -0.024854
    -0.022750
    -0.020503
    -0.018483
    -0.016388
    -0.014464
    -0.012511
    -0.010869
    -0.009030
    -0.007645
    -0.006597
    -0.005693
    -0.005104
    -0.004434
    -0.004017
    -0.003729
    -0.003630
    -0.003656
    -0.003547
    -0.003463
    -0.003207
    -0.003081
    -0.002605
    4.0    angle of attack 