    98
    1.000000
    0.997845
    0.996097
    0.992079
    0.988356
    0.982891
    0.975756
    0.967308
    0.955330
    0.940540
    0.923185
    0.905029
    0.884704
    0.861488
    0.838829
    0.811910
    0.786170
    0.753843
    0.722604
    0.687806
    0.654484
    0.618769
    0.581345
    0.543453
    0.500280
    0.455290
    0.416746
    0.377854
    0.342634
    0.269202
    0.233344
    0.200942
    0.166796
    0.131247
    0.103873
    0.080657
    0.067018
    0.050772
    0.038430
    0.030405
    0.022280
    0.014627
    0.010298
    0.007388
    0.004219
    0.001795
    0.000300
    0.000266
    0.000064
    0.000291
    0.001399
    0.003326
    0.005649
    0.009480
    0.014471
    0.021744
    0.029905
    0.035554
    0.044154
    0.053870
    0.063495
    0.074803
    0.086699
    0.101363
    0.121711
    0.148243
    0.181675
    0.214991
    0.251616
    0.284693
    0.323280
    0.358882
    0.400132
    0.437987
    0.475710
    0.515387
    0.552225
    0.594449
    0.631039
    0.668808
    0.702531
    0.734554
    0.764984
    0.793092
    0.822684
    0.849180
    0.873672
    0.895041
    0.935436
    0.940596
    0.948584
    0.958765
    0.967294
    0.973380
    0.979387
    0.989628
    0.993728
    0.998617
    1.000000
    -0.002605
    -0.003081
    -0.003207
    -0.003463
    -0.003547
    -0.003656
    -0.003630
    -0.003729
    -0.004017
    -0.004434
    -0.005104
    -0.005693
    -0.006597
    -0.007645
    -0.009030
    -0.010869
    -0.012511
    -0.014464
    -0.016388
    -0.018483
    -0.020503
    -0.022750
    -0.024854
    -0.027051
    -0.029364
    -0.031350
    -0.033048
    -0.034735
    -0.036010
    -0.037848
    -0.038210
    -0.038049
    -0.037283
    -0.035739
    -0.033738
    -0.031321
    -0.029428
    -0.026338
    -0.023280
    -0.020926
    -0.017733
    -0.014065
    -0.011526
    -0.009715
    -0.007033
    -0.004258
    -0.002144
    -0.001845
    -0.001024
    0.002191
    0.004726
    0.007968
    0.011198
    0.015543
    0.019833
    0.024659
    0.029624
    0.032785
    0.037122
    0.041252
    0.044991
    0.048925
    0.052690
    0.056583
    0.061157
    0.065957
    0.070837
    0.074409
    0.077186
    0.078913
    0.079904
    0.079936
    0.079321
    0.077928
    0.075877
    0.073276
    0.070467
    0.066381
    0.061933
    0.057328
    0.052794
    0.047950
    0.042915
    0.038415
    0.033500
    0.029043
    0.025051
    0.021473
    0.014550
    0.013749
    0.012225
    0.010474
    0.008987
    0.007866
    0.006731
    0.004897
    0.003997
    0.002994
    0.002421
    10.0    angle of attack 