  183
  1.000000   .996060   .991140   .984290   .975520   .964880
   .952400   .938140   .922150   .904490   .885240   .864460
   .842250   .818680   .793860   .767880   .740840   .712850
   .684010   .654460   .624290   .593630   .562610   .531330
   .499930   .482486   .465056   .447665   .430339   .413103
   .395971   .378964   .362108   .345420   .328917   .312618
   .296550   .280736   .265190   .249928   .234965   .220333
   .206040   .192102   .178538   .165366   .152604   .140264
   .128362   .116914   .105932   .095430   .085421   .075921
   .066938   .058480   .050557   .043180   .036365   .030116
   .028319   .026575   .024883   .023245   .021660   .020130
   .018656   .017237   .015874   .014568   .013316   .012120
   .010980   .009895   .008867   .007894   .006977   .006116
   .005310   .004561   .003868   .003232   .002653   .002132
   .001667   .001260   .000910   .000617   .000380   .000201
   .000078   .000012   .000012   .000078   .000201   .000380
   .000617   .000910   .001260   .001667   .002132   .002653
   .003232   .003868   .004561   .005310   .006116   .006977
   .007894   .008867   .009895   .010980   .012120   .013316
   .014568   .015874   .017237   .018656   .020130   .021660
   .023245   .024883   .026575   .028319   .030116   .036366
   .043183   .050557   .058480   .066938   .075922   .085424
   .095432   .105933   .116916   .128364   .140266   .152607
   .165370   .178541   .192106   .206043   .220334   .234966
   .249926   .265191   .280738   .296555   .312622   .328918
   .345423   .362109   .378968   .395977   .413111   .430347
   .447669   .465060   .482490   .499930   .531330   .562610
   .593630   .624290   .654460   .684010   .712850   .740840
   .767880   .793860   .818680   .842250   .864460   .885240
   .904490   .922150   .938140   .952400   .964880   .975520
   .984290   .991130   .996060  1.000000
   .000000  -.000570  -.001290  -.002270  -.003520  -.005020
  -.006760  -.008700  -.010850  -.013170  -.015650  -.018260
  -.020990  -.023800  -.026670  -.029590  -.032500  -.035350
  -.038180  -.040920  -.043590  -.046150  -.048590  -.050860
  -.052940  -.054006  -.055004  -.055926  -.056766  -.057516
  -.058179  -.058748  -.059216  -.059580  -.059836  -.059980
  -.060015  -.059934  -.059734  -.059412  -.058965  -.058401
  -.057710  -.056893  -.055952  -.054892  -.053715  -.052415
  -.050992  -.049452  -.047799  -.046040  -.044167  -.042199
  -.040134  -.037974  -.035719  -.033376  -.030954  -.028454
  -.027674  -.026887  -.026093  -.025292  -.024484  -.023670
  -.022849  -.022023  -.021192  -.020355  -.019512  -.018663
  -.017809  -.016949  -.016084  -.015213  -.014336  -.013454
  -.012567  -.011676  -.010783  -.009883  -.008977  -.008066
  -.007149  -.006228  -.005303  -.004373  -.003439  -.002503
  -.001565  -.000626   .000626   .001565   .002503   .003439
   .004373   .005303   .006228   .007149   .008066   .008977
   .009883   .010783   .011676   .012567   .013454   .014336
   .015213   .016084   .016949   .017809   .018663   .019512
   .020355   .021192   .022023   .022849   .023670   .024484
   .025292   .026093   .026887   .027674   .028454   .030954
   .033376   .035717   .037972   .040132   .042198   .044170
   .046040   .047803   .049453   .050994   .052414   .053714
   .054894   .055953   .056895   .057710   .058398   .058963
   .059409   .059734   .059934   .060015   .059980   .059834
   .059580   .059217   .058748   .058177   .057513   .056763
   .055926   .055003   .054006   .052940   .050860   .048590
   .046150   .043590   .040920   .038180   .035350   .032500
   .029590   .026670   .023800   .020990   .018260   .015650
   .013170   .010850   .008700   .006760   .005020   .003520
   .002270   .001290   .000570   .000000
  0.0    angle of attack       

------------data explanation --------------
NODTOT                          ------ Total number of panels
X(1) ... X(NODTOT+1)            ------ x coordinates   
Y(1) ... Y(NODTOT+1)            ------ y coordinates  
                                       of NACA0012 airfoil geometry
ALPHA                           ------ angle of attack

