  91
  1.000000   .991140   .975520
   .952400   .922150   .885240
   .842250   .793860   .740840
   .684010   .624290   .562610
   .499930   .465056   .430339
   .395971   .362108   .328917
   .296550   .265190   .234965
   .206040   .178538   .152604
   .128362   .105932   .085421
   .066938   .050557   .036365
   .028319   .024883   .021660
   .018656   .015874   .013316
   .010980   .008867   .006977
   .005310   .003868   .002653
   .001667   .000910   .000380
   .000078   .000012   .000201
   .000617   .001260   .002132
   .003232   .004561   .006116
   .007894   .009895   .012120
   .014568   .017237   .020130
   .023245   .026575   .030116
   .043183   .058480   .075922
   .095432   .116916   .140266
   .165370   .192106   .220334
   .249926   .280738   .312622
   .345423   .378968   .413111
   .447669   .482490   .531330
   .593630   .654460   .712850
   .767880   .818680   .864460
   .904490   .938140   .964880
   .984290   .996060
   .000000  -.001290  -.003520
  -.006760  -.010850  -.015650
  -.020990  -.026670  -.032500
  -.038180  -.043590  -.048590
  -.052940  -.055004  -.056766
  -.058179  -.059216  -.059836
  -.060015  -.059734  -.058965
  -.057710  -.055952  -.053715
  -.050992  -.047799  -.044167
  -.040134  -.035719  -.030954
  -.027674  -.026093  -.024484
  -.022849  -.021192  -.019512
  -.017809  -.016084  -.014336
  -.012567  -.010783  -.008977
  -.007149  -.005303  -.003439
  -.001565   .000626   .002503
   .004373   .006228   .008066
   .009883   .011676   .013454
   .015213   .016949   .018663
   .020355   .022023   .023670
   .025292   .026887   .028454
   .033376   .037972   .042198
   .046040   .049453   .052414
   .054894   .056895   .058398
   .059409   .059934   .059980
   .059580   .058748   .057513
   .055926   .054006   .050860
   .046150   .040920   .035350
   .029590   .023800   .018260
   .013170   .008700   .005020
   .002270   .000570
  4.0    angle of attack       

------------data explanation --------------
NODTOT                          ------ Total number of panels
X(1) ... X(NODTOT+1)            ------ x coordinates   
Y(1) ... Y(NODTOT+1)            ------ y coordinates  
                                       of NACA0012 airfoil geometry
ALPHA                           ------ angle of attack

