    40
    1.00000
    0.99268
    0.96693
    0.91966
    0.85500
    0.77660
    0.68832
    0.59428
    0.49860
    0.40519
    0.31750
    0.23840
    0.17006
    0.11282
    0.06561
    0.03006
    0.00789
    0.00044
    0.00155
    0.01028
    0.02694
    0.05223
    0.08545
    0.12591
    0.17286
    0.22541
    0.28347
    0.34777
    0.41721
    0.49025
    0.56465
    0.63798
    0.70823
    0.77369
    0.83277
    0.88406
    0.92639
    0.95884
    0.98075
    0.99417
    1.00000
    0.00000
    0.00468
    0.01822
    0.03387
    0.04706
    0.05612
    0.05994
    0.05820
    0.05129
    0.04021
    0.02652
    0.01213
    -0.00075
    -0.00925
    -0.01404
    -0.01584
    -0.01427
    -0.00561
    0.01033
    0.02954
    0.04966
    0.06965
    0.08879
    0.10598
    0.12026
    0.13037
    0.13505
    0.13447
    0.13011
    0.12303
    0.11425
    0.10412
    0.09277
    0.08044
    0.06749
    0.05427
    0.04116
    0.02853
    0.01646
    0.00494
    0.00000
    10.0    angle of attack